>DIPPA_11794.mRNA.1	[0.2253550156223132, 0.03778031141673772]
>DIPPA_14960.mRNA.1	[0.00840348747551191, 0.20589072638263753]
>DIPPA_19014.mRNA.1	[1.558853917421792, 2.9386447521421566]
>DIPPA_28266.mRNA.1	[0.00471872464013039, 0.017982673990351437]
>DIPPA_30307.mRNA.1	[0.01259452959537523, 0.03612983984043577, 0.050371443913726555]
>DIPPA_04380.mRNA.1	[14.693223760710783, 14.693223760710783, 14.693223760710783]
>DIPPA_07455.mRNA.1	[0.051682329117889225, 0.049902639780872504]
>DIPPA_15226.mRNA.1	[0.00471872464013039, 0.012902888166159365]
>DIPPA_18208.mRNA.1	[0.1384069903631609, 0.011776758794174436, 0.019672538657315882]
>DIPPA_33369.mRNA.1	[0.017982673990351437, 0.022143148267836615, 0.022143148267836615, 0.011776758794174436, 0.00471872464013039]
>DIPPA_33369.mRNA.2	[0.017982673990351437, 0.022143148267836615, 0.022143148267836615, 0.011776758794174436, 0.00471872464013039]
>DIPPA_14456.mRNA.1	[0.04514078374597714, 0.01259452959537523, 0.011776758794174436]
>DIPPA_14456.mRNA.3	[0.04514078374597714, 0.01259452959537523, 0.011776758794174436]
>DIPPA_14456.mRNA.2	[0.04514078374597714, 0.01259452959537523, 0.011776758794174436]
>DIPPA_14456.mRNA.4	[0.04514078374597714, 0.01259452959537523, 0.011776758794174436]
>DIPPA_14395.mRNA.1	[0.5861798704877151, 0.8707659585844]
>DIPPA_00007.mRNA.1	[0.754044390752626, 0.0665022896291496]
>DIPPA_19943.mRNA.1	[0.022143148267836615, 1.9561748229586833]
>DIPPA_19987.mRNA.1	[0.05294618773491963, 0.0065990999361460944]
>DIPPA_06188.mRNA.1	[0.00471872464013039, 0.14732490094581413]
>DIPPA_02584.mRNA.1	[0.00840348747551191, 0.00840348747551191]
>DIPPA_07937.mRNA.1	[0.6274018029902029, 0.6274018029902029, 0.6274018029902029, 0.6274018029902029]
>DIPPA_07930.mRNA.1	[0.6274018029902029, 0.6274018029902029, 0.6274018029902029]
>DIPPA_23769.mRNA.1	[0.147815354845234, 5.231074586903594]
>DIPPA_11686.mRNA.1	[0.022143148267836615, 0.0304592748363256]
>DIPPA_11682.mRNA.1	[0.006988789808429048, 0.09501294335050742]
>DIPPA_11675.mRNA.1	[8.13909313071597, 0.49109721521259436]
>DIPPA_06386.mRNA.1	[0.00840348747551191, 0.022143148267836615, 0.017982673990351437]
>DIPPA_06382.mRNA.1	[0.0665022896291496, 0.013379587908750584]
>DIPPA_06380.mRNA.1	[0.017982673990351437, 0.00471872464013039]
>DIPPA_33178.mRNA.1	[0.2720658467824356, 0.00471872464013039]
>DIPPA_25361.mRNA.1	[0.012196274558568858, 0.027541922061267588, 0.4053318725991354]
>DIPPA_00848.mRNA.1	[2.3796977102386565, 2.3796977102386565]
>DIPPA_21764.mRNA.1	[0.0619789180874036, 0.012902888166159365]
>DIPPA_06904.mRNA.1	[0.00840348747551191, 0.00840348747551191, 0.012902888166159365, 0.0065990999361460944, 0.0065990999361460944]
>DIPPA_06904.mRNA.2	[0.00840348747551191, 0.00840348747551191, 0.012902888166159365, 0.0065990999361460944, 0.0065990999361460944]
>DIPPA_06920.mRNA.1	[0.012196274558568858, 0.9550925475588158]
>DIPPA_06901.mRNA.1	[0.3156962163124588, 0.04794281617490734]
>DIPPA_06880.mRNA.1	[0.006988789808429048, 0.03936758889736465, 0.07758044176354956]
>DIPPA_21812.mRNA.1	[0.022143148267836615, 0.017982673990351437]
>DIPPA_21812.mRNA.2	[0.022143148267836615, 0.017982673990351437]
>DIPPA_30935.mRNA.1	[0.013379587908750584, 0.18441503139020501]
>DIPPA_10406.mRNA.1	[0.011776758794174436, 0.011776758794174436, 0.3156962163124588]
>DIPPA_10381.mRNA.1	[0.43735752560859315, 0.43735752560859315]
>DIPPA_10405.mRNA.1	[0.00471872464013039, 3.055637252286388]
>DIPPA_24671.mRNA.1	[0.017982673990351437, 0.036481323224613164]
>DIPPA_11440.mRNA.1	[0.08043562986538395, 0.00840348747551191, 0.04794281617490734]
>DIPPA_25678.mRNA.1	[1.724104699400427, 1.4732916456377831]
>DIPPA_03873.mRNA.1	[0.01259452959537523, 0.013379587908750584]
>DIPPA_24837.mRNA.1	[0.4662433656414914, 5.231074586903594]
>DIPPA_13512.mRNA.1	[0.13974480362165903, 0.400832282445006]
>DIPPA_13499.mRNA.1	[1.1595113004886297, 0.022143148267836615]
>DIPPA_30321.mRNA.3	[0.00840348747551191, 0.023720314674563956]
>DIPPA_30321.mRNA.1	[0.00840348747551191, 0.023720314674563956]
>DIPPA_30321.mRNA.2	[0.00840348747551191, 0.023720314674563956]
>DIPPA_06562.mRNA.1	[0.019672538657315882, 0.0805988362377934]
>DIPPA_22494.mRNA.1	[0.12327147878036131, 0.024253784208592744, 0.022143148267836615]
>DIPPA_16179.mRNA.1	[0.035833258504656865, 0.035833258504656865]
>DIPPA_19793.mRNA.1	[2.8216522519979255, 0.0229614630889107]
>DIPPA_13246.mRNA.1	[17.27818626143194, 0.40645946345388284]
>DIPPA_13192.mRNA.1	[0.042734336152034376, 0.012196274558568858]
>DIPPA_13192.mRNA.2	[0.042734336152034376, 0.00471872464013039]
>DIPPA_13254.mRNA.1	[0.08335481100164273, 0.18441503139020501]
>DIPPA_05393.mRNA.1	[0.0304592748363256, 0.011776758794174436]
>DIPPA_05380.mRNA.1	[0.03612983984043577, 0.15519319787102887]
>DIPPA_05386.mRNA.1	[0.00840348747551191, 0.022143148267836615]
>DIPPA_16969.mRNA.1	[0.08335481100164273, 0.18441503139020501]
>DIPPA_01969.mRNA.1	[0.00840348747551191, 0.0304592748363256]
>DIPPA_01984.mRNA.1	[0.6274018029902029, 0.6274018029902029, 0.6274018029902029, 0.6274018029902029, 0.6274018029902029, 0.6274018029902029, 0.6274018029902029]
>DIPPA_19383.mRNA.2	[0.00471872464013039, 0.00471872464013039, 0.53411477678311]
>DIPPA_19383.mRNA.1	[0.00471872464013039, 0.00471872464013039]
>DIPPA_19335.mRNA.1	[0.023720314674563956, 0.24175278163868594]
>DIPPA_20107.mRNA.2	[0.022143148267836615, 0.08361350692581809]
>DIPPA_20107.mRNA.1	[0.022143148267836615, 0.08361350692581809]
>DIPPA_18585.mRNA.1	[0.00840348747551191, 0.0370177031256743]
>DIPPA_18628.mRNA.1	[0.00471872464013039, 0.013379587908750584, 0.26644539567623415, 0.011776758794174436]
>DIPPA_18652.mRNA.1	[0.022143148267836615, 0.017982673990351437]
>DIPPA_18659.mRNA.1	[0.0370177031256743, 1.0146710323216617, 0.07282466732248673, 1.0146710323216617]
>DIPPA_27027.mRNA.1	[0.1491531590322765, 0.26549936946700364]
>DIPPA_27047.mRNA.1	[0.00840348747551191, 0.00840348747551191, 0.00840348747551191, 0.012902888166159365]
>DIPPA_27047.mRNA.2	[0.00840348747551191, 0.00840348747551191, 0.00840348747551191, 0.012902888166159365]
>DIPPA_30594.mRNA.1	[0.00471872464013039, 0.6072935265320626]
>DIPPA_15927.mRNA.1	[0.051682329117889225, 0.0065990999361460944, 0.00471872464013039]
>DIPPA_15897.mRNA.1	[0.00471872464013039, 0.00840348747551191]
>DIPPA_09800.mRNA.1	[0.1421665568640413, 0.012902888166159365]
>DIPPA_09771.mRNA.1	[0.03612983984043577, 0.10043885548916165]
>DIPPA_22244.mRNA.1	[0.019038711811512992, 0.026709462081933012, 0.017982673990351437]
>DIPPA_31284.mRNA.1	[0.012196274558568858, 0.012902888166159365]
>DIPPA_30166.mRNA.1	[0.6074451622243487, 0.32558694891628853]
>DIPPA_30156.mRNA.1	[0.00471872464013039, 0.10297780040263728]
>DIPPA_30155.mRNA.1	[0.00840348747551191, 0.015077105999465226]
>DIPPA_30162.mRNA.1	[0.19632848105581754, 0.7376770145239966]
>DIPPA_30143.mRNA.1	[0.011776758794174436, 0.8143911717492721]
>DIPPA_30120.mRNA.1	[0.4415049724745872, 2.9912516333089156, 0.049902639780872504]
>DIPPA_00651.mRNA.1	[0.00471872464013039, 0.026709462081933012]
>DIPPA_02646.mRNA.1	[0.00840348747551191, 0.0304592748363256]
>DIPPA_27752.mRNA.1	[0.04514078374597714, 0.012902888166159365]
>DIPPA_09226.mRNA.1	[0.011776758794174436, 0.216430779988195, 0.022143148267836615, 0.00471872464013039]
>DIPPA_09226.mRNA.2	[0.011776758794174436, 0.216430779988195, 0.022143148267836615, 0.00471872464013039]
>DIPPA_20495.mRNA.1	[0.00471872464013039, 0.011776758794174436]
>DIPPA_15277.mRNA.1	[0.0065990999361460944, 0.00840348747551191, 0.047329303617097404, 0.06946859310773787]
>DIPPA_15312.mRNA.1	[0.87938156134544, 0.01259452959537523]
>DIPPA_15319.mRNA.1	[0.01259452959537523, 0.01259452959537523, 0.022143148267836615]
>DIPPA_15301.mRNA.1	[0.00840348747551191, 0.00840348747551191]
>DIPPA_34000.mRNA.1	[0.08335481100164273, 0.18441503139020501]
>DIPPA_14933.mRNA.1	[0.00471872464013039, 0.05337420657166315, 0.00840348747551191]
>DIPPA_31550.mRNA.1	[0.00471872464013039, 0.019038711811512992]
>DIPPA_31541.mRNA.1	[0.00471872464013039, 0.011776758794174436]
>DIPPA_29431.mRNA.1	[0.01259452959537523, 0.00471872464013039, 0.019672538657315882]
>DIPPA_10079.mRNA.2	[0.00471872464013039, 0.012902888166159365]
>DIPPA_10079.mRNA.1	[0.00471872464013039, 0.00840348747551191]
>DIPPA_16484.mRNA.1	[0.013379587908750584, 0.00471872464013039]
>DIPPA_16517.mRNA.1	[0.012196274558568858, 0.018544171433992306, 0.07758044176354956]
>DIPPA_16497.mRNA.1	[0.013379587908750584, 0.026709462081933012, 0.0065990999361460944]
>DIPPA_16497.mRNA.3	[0.013379587908750584, 0.026709462081933012, 0.0065990999361460944]
>DIPPA_16497.mRNA.2	[0.013379587908750584, 0.026709462081933012, 0.0065990999361460944]
>DIPPA_16503.mRNA.2	[0.00840348747551191, 0.011776758794174436, 0.012902888166159365]
>DIPPA_23277.mRNA.1	[5.231074586903594, 1.5675845844432919]
>DIPPA_35350.mRNA.1	[0.050371443913726555, 0.00471872464013039, 0.00471872464013039]
>DIPPA_30881.mRNA.1	[14.693223760710783, 14.693223760710783, 14.693223760710783]
>DIPPA_21171.mRNA.1	[0.01259452959537523, 0.21035262035667915]
>DIPPA_13479.mRNA.1	[0.00471872464013039, 0.022143148267836615, 0.022143148267836615]
>DIPPA_23980.mRNA.1	[0.01259452959537523, 1.3030258747988355]
>DIPPA_23979.mRNA.2	[0.0229614630889107, 0.012196274558568858]
>DIPPA_23979.mRNA.1	[0.0229614630889107, 0.012196274558568858]
>DIPPA_24479.mRNA.1	[0.00840348747551191, 0.0065990999361460944]
>DIPPA_20015.mRNA.1	[0.08335481100164273, 0.18441503139020501]
>DIPPA_20012.mRNA.1	[0.08335481100164273, 0.18441503139020501]
>DIPPA_03099.mRNA.1	[0.08361350692581809, 0.027541922061267588]
>DIPPA_03097.mRNA.1	[0.00840348747551191, 0.00471872464013039]
>DIPPA_04399.mRNA.1	[0.00471872464013039, 1.1630215138787148]
>DIPPA_07263.mRNA.1	[0.00471872464013039, 0.012902888166159365]
>DIPPA_07260.mRNA.1	[0.03778031141673772, 0.04913357879709006, 0.01259452959537523]
>DIPPA_33107.mRNA.1	[0.08335481100164273, 0.18441503139020501]
>DIPPA_09461.mRNA.1	[0.0065990999361460944, 0.31151033960223007]
>DIPPA_22962.mRNA.1	[0.01259452959537523, 0.00471872464013039]
>DIPPA_22953.mRNA.1	[0.01259452959537523, 0.012196274558568858]
>DIPPA_19788.mRNA.1	[0.01259452959537523, 0.00471872464013039, 0.00471872464013039]
>DIPPA_08469.mRNA.1	[0.00840348747551191, 0.00840348747551191]
>DIPPA_08469.mRNA.2	[0.00840348747551191, 0.00840348747551191]
>DIPPA_08469.mRNA.3	[0.012902888166159365, 0.00840348747551191]
>DIPPA_08450.mRNA.1	[0.024468628752502615, 0.00840348747551191]
>DIPPA_08462.mRNA.1	[17.27818626143194, 0.011776758794174436]
>DIPPA_08447.mRNA.1	[0.018544171433992306, 0.00840348747551191]
>DIPPA_08439.mRNA.1	[0.2957626584442157, 0.00471872464013039]
>DIPPA_01841.mRNA.1	[0.013379587908750584, 0.18441503139020501]
>DIPPA_18902.mRNA.1	[0.08361350692581809, 0.08361350692581809]
>DIPPA_34762.mRNA.1	[0.00471872464013039, 0.0065990999361460944]
>DIPPA_10818.mRNA.1	[17.27818626143194, 0.3068293557235402]
>DIPPA_16702.mRNA.1	[0.036889919345194665, 0.00471872464013039]
>DIPPA_27173.mRNA.1	[0.022143148267836615, 0.549318698767705]
>DIPPA_25344.mRNA.1	[0.08335481100164273, 0.18441503139020501]
>DIPPA_21533.mRNA.1	[0.01259452959537523, 0.01259452959537523]
>DIPPA_10555.mRNA.1	[0.34753496264122674, 4.069546565357985, 0.13051479715988992]
>DIPPA_26658.mRNA.1	[0.04794281617490734, 0.017982673990351437, 0.08335481100164273, 1.3693322167827848]
>DIPPA_17184.mRNA.2	[1.0444420417916038, 0.00471872464013039]
>DIPPA_17184.mRNA.1	[1.0444420417916038, 0.00471872464013039]
>DIPPA_34208.mRNA.1	[0.10595273977677547, 0.03936758889736465]
>DIPPA_08697.mRNA.2	[0.03612983984043577, 0.00471872464013039]
>DIPPA_11250.mRNA.1	[1.724104699400427, 1.4732916456377831]
>DIPPA_08634.mRNA.1	[0.00840348747551191, 0.3065707222190917]
>DIPPA_19224.mRNA.1	[0.01259452959537523, 0.00840348747551191, 0.1282080904041425, 0.027366896310351514]
>DIPPA_08986.mRNA.1	[0.00840348747551191, 0.011776758794174436]
>DIPPA_08989.mRNA.1	[0.17665352431292486, 0.00471872464013039]
>DIPPA_10306.mRNA.4	[1.724104699400427, 1.4732916456377831]
>DIPPA_10306.mRNA.3	[1.724104699400427, 1.4732916456377831]
>DIPPA_20116.mRNA.1	[0.11317730734042293, 0.024468628752502615]
>DIPPA_29618.mRNA.1	[0.3681485831662719, 0.07282466732248673, 0.3681485831662719]
>DIPPA_35022.mRNA.1	[0.00471872464013039, 0.948441875816567]
>DIPPA_26828.mRNA.1	[0.027366896310351514, 0.027205760229969893]
>DIPPA_28914.mRNA.1	[0.03936758889736465, 0.49336734451604575]
>DIPPA_30766.mRNA.1	[0.022143148267836615, 0.00471872464013039]
>DIPPA_08793.mRNA.1	[3.4233059401776957, 0.017276978958434126]
>DIPPA_18958.mRNA.1	[0.012902888166159365, 0.00840348747551191, 0.012902888166159365]
>DIPPA_18952.mRNA.1	[0.00471872464013039, 0.00840348747551191]
>DIPPA_29667.mRNA.2	[0.00471872464013039, 0.00840348747551191]
>DIPPA_29667.mRNA.1	[0.017982673990351437, 0.00840348747551191]
>DIPPA_22790.mRNA.1	[0.022143148267836615, 0.012196274558568858]
>DIPPA_24251.mRNA.1	[0.01259452959537523, 0.01259452959537523]
>DIPPA_34723.mRNA.1	[7.8466118803553915, 0.022143148267836615]
>DIPPA_05696.mRNA.1	[0.00840348747551191, 0.01259452959537523]
>DIPPA_30455.mRNA.1	[2.039740894490277, 2.8941662678748674]
>DIPPA_04090.mRNA.1	[0.00471872464013039, 0.3038426738485365]
>DIPPA_21100.mRNA.1	[0.012196274558568858, 0.264416592537664]
>DIPPA_21120.mRNA.1	[0.021401820491656707, 1.027355121630184, 0.00840348747551191]
>DIPPA_21110.mRNA.1	[0.012902888166159365, 0.6136128018406275]
>DIPPA_07378.mRNA.1	[1.5675845844432919, 0.00471872464013039]
>DIPPA_06469.mRNA.1	[3.2770653149974067, 0.00471872464013039]
>DIPPA_29665.mRNA.1	[0.022143148267836615, 0.019038711811512992]
>DIPPA_26596.mRNA.1	[0.04794281617490734, 0.00840348747551191]
>DIPPA_07518.mRNA.1	[0.017982673990351437, 0.050371443913726555]
>DIPPA_07527.mRNA.1	[0.08883202509260286, 0.012196274558568858, 0.00471872464013039, 0.09258602694504475]
>DIPPA_07527.mRNA.2	[0.08883202509260286, 0.012196274558568858, 0.00471872464013039, 0.09258602694504475]
>DIPPA_02030.mRNA.1	[0.011776758794174436, 0.022143148267836615, 0.00471872464013039]
>DIPPA_04739.mRNA.1	[0.9156253316281887, 0.11110745560015912]
>DIPPA_32802.mRNA.1	[0.00840348747551191, 0.25833379839631027]
>DIPPA_32802.mRNA.2	[0.00840348747551191, 0.25833379839631027]
>DIPPA_32802.mRNA.3	[0.00840348747551191, 0.25833379839631027]
>DIPPA_32162.mRNA.1	[0.00840348747551191, 0.00471872464013039]
>DIPPA_14585.mRNA.1	[0.754044390752626, 0.14815667233861718]
>DIPPA_01729.mRNA.1	[0.019038711811512992, 0.5518792939439471]
>DIPPA_33261.mRNA.1	[0.08335481100164273, 0.18441503139020501]
>DIPPA_31450.mRNA.1	[0.00471872464013039, 0.012902888166159365]
>DIPPA_15109.mRNA.1	[0.184356963411519, 2.2791086424140197]
>DIPPA_08743.mRNA.1	[0.0370177031256743, 0.0370177031256743]
>DIPPA_08743.mRNA.2	[0.0370177031256743, 0.0370177031256743]
>DIPPA_21306.mRNA.1	[0.017982673990351437, 0.007439491510012498]
>DIPPA_12850.mRNA.1	[0.00471872464013039, 0.00840348747551191, 0.00840348747551191]
>DIPPA_27307.mRNA.1	[0.022143148267836615, 0.00471872464013039, 0.00471872464013039, 0.5403662634741413]
>DIPPA_08949.mRNA.1	[0.027366896310351514, 0.011776758794174436, 0.013379587908750584]
>DIPPA_07977.mRNA.1	[0.2720658467824356, 0.022143148267836615, 0.00840348747551191]
>DIPPA_23407.mRNA.2	[0.00471872464013039, 0.00471872464013039]
>DIPPA_10866.mRNA.1	[0.7171013776577412, 0.7171013776577412]
>DIPPA_11560.mRNA.1	[0.022143148267836615, 0.018544171433992306]
>DIPPA_21429.mRNA.1	[0.049902639780872504, 0.049902639780872504]
>DIPPA_03442.mRNA.1	[0.00840348747551191, 8.13909313071597]
>DIPPA_04571.mRNA.1	[0.3420623765461017, 0.00471872464013039, 0.07282466732248673]
>DIPPA_05301.mRNA.1	[0.08335481100164273, 0.18441503139020501]
>DIPPA_10720.mRNA.1	[0.5820251235481158, 0.5820251235481158, 0.5820251235481158, 0.5820251235481158, 0.5820251235481158, 0.5820251235481158, 0.5820251235481158, 0.5820251235481158, 0.5820251235481158]
>DIPPA_10723.mRNA.1	[0.5820251235481158, 0.5820251235481158, 0.5820251235481158, 0.5820251235481158, 0.5820251235481158, 0.5820251235481158, 0.5820251235481158, 0.5820251235481158, 0.5820251235481158, 0.5820251235481158]
>DIPPA_10719.mRNA.1	[0.5820251235481158, 0.5820251235481158, 0.5820251235481158, 0.5820251235481158, 0.5820251235481158, 0.5820251235481158]
>DIPPA_00502.mRNA.1	[2.3796977102386565, 0.011776758794174436]
>DIPPA_17277.mRNA.1	[0.023720314674563956, 0.022143148267836615]
>DIPPA_35003.mRNA.1	[0.03740332539174878, 0.03740332539174878, 0.0065990999361460944]
>DIPPA_01605.mRNA.1	[0.05240218507407643, 0.0058236542128440915]
>DIPPA_07188.mRNA.1	[0.00471872464013039, 0.00471872464013039]
>DIPPA_00394.mRNA.1	[0.022143148267836615, 0.03722383619881599]
>DIPPA_05726.mRNA.1	[1.2687507424131435, 0.00840348747551191]
>DIPPA_27695.mRNA.1	[0.00471872464013039, 0.00840348747551191]
>DIPPA_27701.mRNA.1	[0.00471872464013039, 0.022143148267836615]
>DIPPA_26281.mRNA.2	[0.03778031141673772, 0.20589072638263753]
>DIPPA_26281.mRNA.1	[0.03778031141673772, 0.20589072638263753]
>DIPPA_26276.mRNA.1	[0.5403662634741413, 0.5403662634741413]
>DIPPA_20635.mRNA.1	[0.08335481100164273, 0.18441503139020501]
>DIPPA_20635.mRNA.2	[0.08335481100164273, 0.18441503139020501]
>DIPPA_25077.mRNA.1	[0.022143148267836615, 0.00471872464013039]
>DIPPA_20061.mRNA.1	[1.0146710323216617, 0.09140775324177838]
>DIPPA_31903.mRNA.1	[0.00840348747551191, 0.00471872464013039]
>DIPPA_31903.mRNA.3	[0.00840348747551191, 0.00471872464013039]
>DIPPA_31903.mRNA.2	[0.00840348747551191, 0.00471872464013039]
>DIPPA_20903.mRNA.1	[0.5820251235481158, 0.5820251235481158, 0.5820251235481158, 0.5820251235481158, 0.5820251235481158, 0.5820251235481158, 0.5820251235481158, 0.5820251235481158, 0.5820251235481158, 0.5820251235481158, 0.5820251235481158, 0.5820251235481158, 0.5820251235481158, 0.5820251235481158, 0.5820251235481158, 0.5820251235481158]
>DIPPA_30733.mRNA.1	[0.08335481100164273, 0.18441503139020501]
>DIPPA_22590.mRNA.1	[0.01259452959537523, 0.01259452959537523, 0.01259452959537523]
>DIPPA_12755.mRNA.3	[0.027541922061267588, 0.047329303617097404]
>DIPPA_12755.mRNA.2	[0.027541922061267588, 0.047329303617097404]
>DIPPA_03757.mRNA.1	[0.16167929055660318, 0.06620859092601103]
>DIPPA_13155.mRNA.1	[0.022143148267836615, 0.06946859310773787, 0.022143148267836615]
>DIPPA_13154.mRNA.1	[0.1513764964290602, 0.1513764964290602, 0.06620859092601103]
>DIPPA_15134.mRNA.1	[0.00840348747551191, 0.04794281617490734]
>DIPPA_25414.mRNA.1	[0.5820251235481158, 0.5820251235481158, 0.5820251235481158, 0.5820251235481158, 0.5820251235481158, 0.5820251235481158]
>DIPPA_02931.mRNA.1	[0.00471872464013039, 0.8484814421529503]
>DIPPA_05921.mRNA.2	[0.38230600443979645, 0.00471872464013039]
>DIPPA_05921.mRNA.1	[1.3956258166544577, 0.00471872464013039]
>DIPPA_05056.mRNA.1	[0.10595273977677547, 0.05294618773491963]
>DIPPA_10598.mRNA.1	[0.2253550156223132, 0.2253550156223132]
>DIPPA_05284.mRNA.1	[0.017982673990351437, 0.0065990999361460944, 0.012902888166159365]
>DIPPA_35063.mRNA.1	[0.08043562986538395, 0.0370177031256743, 0.07282466732248673]
>DIPPA_28327.mRNA.1	[0.00840348747551191, 0.00840348747551191]
>DIPPA_14496.mRNA.1	[0.2253550156223132, 0.5554130629994813]
>DIPPA_28525.mRNA.1	[0.022143148267836615, 0.07758044176354956]
>DIPPA_32389.mRNA.1	[0.007439491510012498, 0.012196274558568858]
>DIPPA_15779.mRNA.1	[0.08836672708845403, 0.00471872464013039]
>DIPPA_35514.mRNA.1	[0.10817005135115743, 0.04794281617490734]
>DIPPA_17627.mRNA.1	[5.231074586903594, 0.5554130629994813]
>DIPPA_28454.mRNA.1	[0.1623537837672884, 0.00471872464013039]
>DIPPA_28463.mRNA.1	[0.09904481633194168, 0.6054130629994814, 0.00840348747551191]
>DIPPA_08646.mRNA.1	[0.04913357879709006, 1.5506953518382862]
>DIPPA_27839.mRNA.1	[0.01471586571580917, 0.2002072676497643, 0.01471586571580917]
>DIPPA_12612.mRNA.1	[0.18441503139020501, 0.18441503139020501]
>DIPPA_21527.mRNA.1	[0.5392376167164316, 0.08335481100164273]
>DIPPA_31121.mRNA.1	[0.0370177031256743, 0.022143148267836615]
>DIPPA_34229.mRNA.1	[0.012196274558568858, 0.012196274558568858]
>DIPPA_14385.mRNA.1	[0.017982673990351437, 7.8466118803553915]
>DIPPA_23929.mRNA.1	[0.24175278163868594, 0.05294618773491963, 0.24175278163868594, 0.027205760229969893]
>DIPPA_14972.mRNA.1	[0.00840348747551191, 0.012196274558568858, 0.3301630232959216, 0.00471872464013039]
>DIPPA_32638.mRNA.1	[0.00471872464013039, 0.3038426738485365]
>DIPPA_16912.mRNA.2	[2.039740894490277, 2.8941662678748674]
>DIPPA_16912.mRNA.1	[2.039740894490277, 2.8941662678748674]
>DIPPA_16913.mRNA.1	[0.6478129083272289, 0.01259452959537523]
>DIPPA_17148.mRNA.1	[2.039740894490277, 2.8941662678748674]
>DIPPA_17118.mRNA.1	[0.022143148267836615, 0.00840348747551191]
>DIPPA_30298.mRNA.1	[0.00840348747551191, 0.017982673990351437]
>DIPPA_29048.mRNA.1	[0.2720658467824356, 0.022143148267836615]
>DIPPA_29019.mRNA.1	[0.00471872464013039, 0.0065990999361460944]
>DIPPA_13684.mRNA.1	[0.5820251235481158, 0.5820251235481158, 0.5820251235481158, 0.5820251235481158]
>DIPPA_13700.mRNA.2	[0.017982673990351437, 0.017982673990351437, 0.08957309859071325, 0.0065990999361460944]
>DIPPA_13700.mRNA.1	[0.017982673990351437, 0.017982673990351437, 0.08957309859071325, 0.0065990999361460944]
>DIPPA_13710.mRNA.1	[0.0651523874894743, 0.08335481100164273]
>DIPPA_01679.mRNA.1	[0.08335481100164273, 0.18441503139020501]
>DIPPA_12930.mRNA.1	[0.1282080904041425, 0.01259452959537523]
>DIPPA_15025.mRNA.1	[0.007439491510012498, 0.007439491510012498]
>DIPPA_11634.mRNA.1	[0.006988789808429048, 0.08043562986538395]
>DIPPA_34908.mRNA.1	[0.00471872464013039, 0.00840348747551191]
>DIPPA_08669.mRNA.2	[0.3681485831662719, 0.05487283145143855]
>DIPPA_35844.mRNA.1	[0.021401820491656707, 0.01259452959537523, 0.05240218507407643]
>DIPPA_35847.mRNA.2	[0.00840348747551191, 0.011776758794174436, 2.492709694424096]
>DIPPA_35847.mRNA.1	[0.00840348747551191, 2.492709694424096]
>DIPPA_00109.mRNA.1	[0.00840348747551191, 0.00840348747551191]
>DIPPA_00110.mRNA.1	[0.754044390752626, 0.0665022896291496]
>DIPPA_00125.mRNA.1	[0.1384069903631609, 0.03612983984043577, 0.013379587908750584, 0.03612983984043577, 0.022143148267836615, 0.011776758794174436, 0.00471872464013039]
>DIPPA_30051.mRNA.1	[0.00471872464013039, 0.019672538657315882]
>DIPPA_35462.mRNA.1	[0.754044390752626, 0.0665022896291496]
>DIPPA_09243.mRNA.1	[0.10817005135115743, 0.038608923642386175]
>DIPPA_09243.mRNA.2	[0.10817005135115743, 0.038608923642386175]
>DIPPA_20345.mRNA.1	[0.04913357879709006, 0.017982673990351437]
>DIPPA_21334.mRNA.1	[0.08335481100164273, 0.18441503139020501]
>DIPPA_35311.mRNA.1	[0.3301630232959216, 0.011776758794174436]
>DIPPA_22209.mRNA.2	[0.012196274558568858, 0.01259452959537523]
>DIPPA_26435.mRNA.1	[0.08293367613064162, 0.24365064894122437]
>DIPPA_26415.mRNA.1	[1.1225692782811945, 0.022143148267836615]
>DIPPA_25578.mRNA.1	[0.011776758794174436, 0.00471872464013039, 0.012902888166159365]
>DIPPA_25578.mRNA.2	[0.011776758794174436, 0.00471872464013039, 0.012902888166159365]
>DIPPA_29340.mRNA.1	[2.0154658942842323, 0.022143148267836615]
>DIPPA_25814.mRNA.1	[0.23631844603682703, 0.0065990999361460944]
>DIPPA_30343.mRNA.1	[2.4488706267851303, 0.21539287185253714]
>DIPPA_30384.mRNA.1	[3.5270653149974067, 0.0065990999361460944]
>DIPPA_01511.mRNA.1	[0.00840348747551191, 0.00471872464013039]
>DIPPA_01527.mRNA.1	[0.24175278163868594, 0.00840348747551191]
>DIPPA_27012.mRNA.1	[0.00471872464013039, 0.49336734451604575, 0.022143148267836615]
>DIPPA_06966.mRNA.1	[0.012902888166159365, 0.04794281617490734]
>DIPPA_23373.mRNA.1	[0.00840348747551191, 0.01259452959537523, 0.00471872464013039, 0.00840348747551191]
>DIPPA_18568.mRNA.2	[0.006988789808429048, 0.07282466732248673, 0.09501294335050742]
>DIPPA_18568.mRNA.1	[0.006988789808429048, 0.07282466732248673, 0.09501294335050742]
>DIPPA_04818.mRNA.2	[0.08043562986538395, 0.07282466732248673, 0.00471872464013039]
>DIPPA_04818.mRNA.1	[0.08043562986538395, 0.32558694891628853, 0.00471872464013039]
>DIPPA_13839.mRNA.1	[0.00471872464013039, 0.00840348747551191]
>DIPPA_00195.mRNA.1	[0.00840348747551191, 0.011553576197628389]
>DIPPA_00200.mRNA.1	[0.6846661083913924, 0.07282466732248673]
>DIPPA_29234.mRNA.1	[0.08335481100164273, 0.689908487367875, 0.017982673990351437]
>DIPPA_33677.mRNA.1	[0.08335481100164273, 0.689908487367875]
>DIPPA_03733.mRNA.1	[0.29981960106424227, 0.01259452959537523]
>DIPPA_13413.mRNA.1	[0.00840348747551191, 0.012902888166159365, 0.00840348747551191]
>DIPPA_09489.mRNA.1	[0.012196274558568858, 0.04514078374597714]
>DIPPA_16123.mRNA.1	[0.00471872464013039, 0.00471872464013039]
>DIPPA_24088.mRNA.1	[0.2110285780012981, 2.9912516333089156]
>DIPPA_24087.mRNA.1	[0.00471872464013039, 0.00471872464013039]
>DIPPA_24078.mRNA.1	[0.00471872464013039, 0.00471872464013039]
>DIPPA_14136.mRNA.1	[0.2720658467824356, 3.617707834843584, 0.40360870866632087, 0.04794281617490734]
>DIPPA_14079.mRNA.1	[17.27818626143194, 0.03773856186887496]
>DIPPA_33896.mRNA.1	[0.08335481100164273, 0.18441503139020501]
>DIPPA_21508.mRNA.1	[0.01259452959537523, 0.013379587908750584, 0.018544171433992306]
>DIPPA_21508.mRNA.2	[0.01259452959537523, 0.013379587908750584, 0.018544171433992306]
>DIPPA_09404.mRNA.2	[0.8385164362193899, 0.030594159407413123, 0.012196274558568858]
>DIPPA_09404.mRNA.1	[0.8385164362193899, 0.030594159407413123, 0.012196274558568858]
>DIPPA_34367.mRNA.1	[0.08335481100164273, 0.9091349725226648]
>DIPPA_17784.mRNA.2	[0.08456822195690503, 0.00471872464013039, 1.535417182532738]
>DIPPA_17784.mRNA.1	[0.08456822195690503, 0.00471872464013039, 1.535417182532738]
>DIPPA_17798.mRNA.1	[0.00471872464013039, 0.017982673990351437, 0.14732490094581413]
>DIPPA_15056.mRNA.1	[0.41987306191629115, 0.0304592748363256, 1.6488404275227, 0.41987306191629115]
>DIPPA_15058.mRNA.1	[0.3548630076086962, 1.6488404275227, 1.6488404275227]
>DIPPA_13097.mRNA.1	[0.754044390752626, 0.0665022896291496]
>DIPPA_13050.mRNA.1	[0.05337420657166315, 0.022143148267836615, 0.00471872464013039]
>DIPPA_12531.mRNA.1	[0.1282080904041425, 0.01259452959537523]
>DIPPA_12541.mRNA.1	[0.05294618773491963, 0.04794281617490734]
>DIPPA_12578.mRNA.1	[0.03612983984043577, 1.1082475836528727, 1.1082475836528727]
>DIPPA_27938.mRNA.1	[0.24236746183667332, 0.0370177031256743]
>DIPPA_27914.mRNA.1	[0.08335481100164273, 0.689908487367875]
>DIPPA_27960.mRNA.1	[0.022143148267836615, 0.012902888166159365]
>DIPPA_21354.mRNA.1	[0.2253550156223132, 0.03778031141673772]
>DIPPA_21376.mRNA.1	[0.2253550156223132, 0.01259452959537523]
>DIPPA_15624.mRNA.1	[0.00471872464013039, 0.01259452959537523]
>DIPPA_15583.mRNA.1	[0.046789934051033856, 0.006988789808429048]
>DIPPA_15579.mRNA.1	[0.03612983984043577, 1.1916601145445116]
>DIPPA_00498.mRNA.1	[0.00840348747551191, 0.00471872464013039]
>DIPPA_05463.mRNA.1	[0.10817005135115743, 0.038608923642386175]
>DIPPA_32693.mRNA.1	[0.0065990999361460944, 0.011776758794174436, 0.11973899106683512]
>DIPPA_30849.mRNA.1	[0.011776758794174436, 0.023720314674563956]
>DIPPA_05444.mRNA.1	[0.08335481100164273, 0.18441503139020501]
>DIPPA_12681.mRNA.1	[0.3038426738485365, 0.0065990999361460944]
>DIPPA_12694.mRNA.1	[0.08335481100164273, 0.18441503139020501]
>DIPPA_23926.mRNA.1	[0.180840275338293, 0.011776758794174436]
>DIPPA_09747.mRNA.1	[0.4220571560025962, 1.1314788786075707]
>DIPPA_20197.mRNA.1	[0.5392376167164316, 0.08335481100164273]
>DIPPA_11741.mRNA.1	[0.08335481100164273, 0.18441503139020501]
>DIPPA_09693.mRNA.1	[0.0645157741224615, 0.00840348747551191]
>DIPPA_09738.mRNA.1	[0.06930781133853385, 0.18505155634388315, 0.11901875448549026, 0.06930781133853385, 0.0229614630889107]
>DIPPA_04705.mRNA.1	[0.00840348747551191, 0.20589072638263753]
>DIPPA_31740.mRNA.1	[0.012902888166159365, 0.012902888166159365]
>DIPPA_34562.mRNA.1	[0.18441503139020501, 0.18441503139020501]
>DIPPA_34579.mRNA.2	[0.03936758889736465, 0.00840348747551191]
>DIPPA_34586.mRNA.1	[0.024468628752502615, 0.00840348747551191]
>DIPPA_04490.mRNA.1	[0.00471872464013039, 0.00471872464013039]
>DIPPA_09018.mRNA.1	[0.1513764964290602, 0.1513764964290602, 0.1513764964290602, 0.16167929055660318]
>DIPPA_28503.mRNA.1	[5.231074586903594, 7.8466118803553915]
>DIPPA_06096.mRNA.1	[0.6860868480774548, 0.6860868480774548, 0.6860868480774548, 0.6860868480774548, 0.6860868480774548, 0.6860868480774548, 0.6860868480774548, 0.17558174617215838]
>DIPPA_06080.mRNA.1	[0.00840348747551191, 2.4488706267851303]
>DIPPA_04990.mRNA.1	[0.34753496264122674, 0.04514078374597714]
>DIPPA_08021.mRNA.1	[1.6792320436249895, 16.27818626143194]
>DIPPA_08021.mRNA.2	[1.6792320436249895, 16.27818626143194]
>DIPPA_05604.mRNA.1	[0.05294618773491963, 0.00840348747551191]
>DIPPA_04793.mRNA.1	[1.2687507424131435, 2.0389653570122475]
>DIPPA_07752.mRNA.1	[0.08335481100164273, 0.022143148267836615]
>DIPPA_02891.mRNA.1	[0.012902888166159365, 3.5695465653579848]
>DIPPA_02918.mRNA.2	[0.2733633559389518, 0.06135415976541971]
>DIPPA_02918.mRNA.1	[0.2733633559389518, 0.06135415976541971]
>DIPPA_02894.mRNA.1	[0.00471872464013039, 0.04514078374597714]
>DIPPA_25992.mRNA.1	[0.00471872464013039, 0.0065990999361460944]
>DIPPA_26223.mRNA.1	[0.017982673990351437, 0.07758044176354956]
>DIPPA_26232.mRNA.1	[0.20589072638263753, 0.3881316706346029]
>DIPPA_27856.mRNA.1	[0.00471872464013039, 0.01259452959537523]
>DIPPA_20846.mRNA.1	[0.24175278163868594, 0.019038711811512992]
>DIPPA_03206.mRNA.1	[0.3600817610155181, 0.049902639780872504, 0.264416592537664]
>DIPPA_03200.mRNA.1	[0.04433086765552351, 0.04433086765552351]
>DIPPA_09141.mRNA.1	[0.027366896310351514, 0.127381661552039]
>DIPPA_09165.mRNA.1	[0.16456946206149412, 0.01259452959537523]
>DIPPA_15391.mRNA.1	[0.012902888166159365, 0.00840348747551191]
>DIPPA_15368.mRNA.2	[0.21539287185253714, 0.01259452959537523]
>DIPPA_14837.mRNA.1	[0.754044390752626, 0.0665022896291496]
>DIPPA_26766.mRNA.1	[0.08335481100164273, 0.18441503139020501]
>DIPPA_33626.mRNA.1	[0.01259452959537523, 0.00471872464013039, 0.027366896310351514]
>DIPPA_00902.mRNA.1	[0.11927805775333113, 0.00840348747551191]
>DIPPA_24647.mRNA.1	[0.011776758794174436, 0.04913357879709006]
>DIPPA_24619.mRNA.1	[0.00471872464013039, 0.00840348747551191]
>DIPPA_25541.mRNA.1	[0.00471872464013039, 0.00840348747551191]
>DIPPA_02816.mRNA.1	[0.01259452959537523, 0.024253784208592744]
>DIPPA_02801.mRNA.1	[0.4675923611032577, 0.017982673990351437, 17.27818626143194]
>DIPPA_12202.mRNA.1	[0.011776758794174436, 0.013379587908750584, 0.00471872464013039]
>DIPPA_34531.mRNA.1	[0.2579235318197379, 0.14732490094581413]
>DIPPA_16661.mRNA.1	[0.23792094304800765, 0.00471872464013039]
>DIPPA_08241.mRNA.1	[0.00840348747551191, 0.00840348747551191]
>DIPPA_20232.mRNA.1	[0.00471872464013039, 0.00840348747551191, 0.5422100582336667, 0.03612983984043577, 0.00471872464013039]
>DIPPA_33480.mRNA.1	[0.07758044176354956, 0.022143148267836615, 0.036481323224613164, 0.00471872464013039]
>DIPPA_05142.mRNA.1	[0.08335481100164273, 0.18441503139020501]
>DIPPA_29903.mRNA.1	[3.055637252286388, 0.0651523874894743]
>DIPPA_01417.mRNA.1	[0.08335481100164273, 0.18441503139020501]
>DIPPA_09046.mRNA.1	[0.00471872464013039, 0.011776758794174436]
>DIPPA_09056.mRNA.1	[0.0065990999361460944, 0.23897565290363199]
>DIPPA_24876.mRNA.1	[0.24175278163868594, 0.00471872464013039]
>DIPPA_00439.mRNA.1	[0.08335481100164273, 0.18441503139020501]
>DIPPA_19768.mRNA.1	[0.00471872464013039, 0.00471872464013039]
>DIPPA_00284.mRNA.1	[0.00840348747551191, 0.06946859310773787, 0.022143148267836615, 0.00471872464013039]
>DIPPA_06263.mRNA.6	[0.012196274558568858, 0.011776758794174436]
>DIPPA_06263.mRNA.4	[0.012196274558568858, 0.011776758794174436]
>DIPPA_06263.mRNA.5	[0.012196274558568858, 0.011776758794174436]
>DIPPA_06263.mRNA.3	[0.012196274558568858, 0.011776758794174436]
>DIPPA_06263.mRNA.1	[0.012196274558568858, 0.011776758794174436]
>DIPPA_06263.mRNA.2	[0.012196274558568858, 0.011776758794174436]
>DIPPA_06230.mRNA.1	[0.00840348747551191, 0.2720658467824356]
>DIPPA_20044.mRNA.1	[3.055637252286388, 0.3038426738485365]
>DIPPA_03644.mRNA.1	[0.08335481100164273, 0.18441503139020501]
>DIPPA_12879.mRNA.1	[0.00471872464013039, 0.28062698012148246]
>DIPPA_12879.mRNA.2	[0.00471872464013039, 0.28062698012148246]
>DIPPA_21083.mRNA.1	[0.5410084026234727, 0.01259452959537523]
>DIPPA_24590.mRNA.1	[0.011776758794174436, 0.00840348747551191]
>DIPPA_06773.mRNA.1	[0.00840348747551191, 0.01259452959537523]
>DIPPA_06725.mRNA.1	[0.08335481100164273, 0.18441503139020501]
>DIPPA_06723.mRNA.1	[0.026709462081933012, 0.047329303617097404]
>DIPPA_35920.mRNA.1	[0.06930781133853385, 0.23792094304800765]
>DIPPA_08339.mRNA.1	[0.01259452959537523, 0.0065990999361460944]
>DIPPA_26491.mRNA.1	[0.0395880775269956, 1.1314788786075707]
>DIPPA_26495.mRNA.1	[0.01259452959537523, 0.00471872464013039]
>DIPPA_26483.mRNA.1	[0.022418390546392226, 0.23550495522985085]
>DIPPA_22876.mRNA.1	[0.022143148267836615, 0.012902888166159365]
>DIPPA_22931.mRNA.1	[0.019672538657315882, 0.00471872464013039]
>DIPPA_12045.mRNA.1	[0.10595273977677547, 0.01259452959537523, 0.027366896310351514]
>DIPPA_22309.mRNA.1	[0.011776758794174436, 0.6346611880355392]
>DIPPA_05311.mRNA.1	[0.08335481100164273, 0.18441503139020501]
>DIPPA_29091.mRNA.1	[0.1513764964290602, 0.1513764964290602, 0.1513764964290602, 0.06620859092601103]
>DIPPA_29079.mRNA.1	[0.022143148267836615, 0.06946859310773787, 0.022143148267836615]
>DIPPA_32187.mRNA.1	[0.08043562986538395, 0.00840348747551191]
>DIPPA_34326.mRNA.1	[0.3038426738485365, 0.3720662503464224]
>DIPPA_00879.mRNA.1	[0.08335481100164273, 0.18441503139020501]
>DIPPA_13272.mRNA.1	[0.007439491510012498, 2.4488706267851303]
>DIPPA_13279.mRNA.2	[0.08519086521608958, 0.3806735088768123]
>DIPPA_13279.mRNA.1	[0.08519086521608958, 0.3806735088768123]
>DIPPA_13997.mRNA.1	[0.04794281617490734, 0.022143148267836615, 0.00840348747551191]
>DIPPA_09525.mRNA.1	[0.08335481100164273, 0.18441503139020501]
>DIPPA_35884.mRNA.1	[0.011776758794174436, 0.013379587908750584, 0.00840348747551191]
>DIPPA_27334.mRNA.1	[0.022143148267836615, 0.018544171433992306]
>DIPPA_30871.mRNA.1	[4.985419388848192, 0.00471872464013039, 0.059990455876903624, 0.012196274558568858]
>DIPPA_24542.mRNA.1	[0.01259452959537523, 0.022143148267836615]
>DIPPA_29147.mRNA.1	[0.013379587908750584, 0.03612983984043577, 0.00471872464013039]
>DIPPA_35273.mRNA.1	[0.022143148267836615, 0.0619789180874036]
>DIPPA_01360.mRNA.2	[0.012902888166159365, 0.0058236542128440915]
>DIPPA_01360.mRNA.3	[0.012902888166159365, 0.0058236542128440915]
>DIPPA_09931.mRNA.1	[0.5820251235481158, 0.5820251235481158, 0.5820251235481158, 0.5820251235481158, 0.5820251235481158, 0.5820251235481158, 0.5820251235481158, 0.5820251235481158]
>DIPPA_33722.mRNA.1	[0.012902888166159365, 0.10595273977677547]
>DIPPA_20376.mRNA.1	[0.012902888166159365, 0.011776758794174436]
>DIPPA_27248.mRNA.1	[0.08335481100164273, 0.9091349725226648]
>DIPPA_27246.mRNA.1	[0.08335481100164273, 0.9091349725226648]
>DIPPA_32762.mRNA.1	[0.1790188295465387, 0.012902888166159365]
>DIPPA_19691.mRNA.1	[0.5392376167164316, 0.08335481100164273]
>DIPPA_17718.mRNA.1	[0.011776758794174436, 0.19117865004399864, 0.00471872464013039, 0.017982673990351437]
>DIPPA_17739.mRNA.3	[0.00840348747551191, 0.0304592748363256]
>DIPPA_17739.mRNA.2	[0.00840348747551191, 0.126948425000371, 0.0304592748363256]
>DIPPA_17739.mRNA.1	[0.00840348747551191, 0.126948425000371, 0.0304592748363256]
>DIPPA_24345.mRNA.1	[1.6130455698741353, 0.948441875816567]
>DIPPA_34087.mRNA.1	[0.012196274558568858, 0.022143148267836615]
>DIPPA_26546.mRNA.1	[0.00471872464013039, 0.00840348747551191]
>DIPPA_04286.mRNA.1	[0.021401820491656707, 0.01259452959537523]
>DIPPA_18787.mRNA.1	[0.050371443913726555, 0.050371443913726555]
>DIPPA_14893.mRNA.1	[0.08043562986538395, 0.00840348747551191]
>DIPPA_10444.mRNA.1	[0.08335481100164273, 0.18441503139020501]
>DIPPA_10467.mRNA.1	[0.00840348747551191, 0.00840348747551191, 0.00840348747551191, 0.00840348747551191, 0.00840348747551191]
>DIPPA_10471.mRNA.1	[0.08335481100164273, 0.18441503139020501]
>DIPPA_31149.mRNA.1	[0.08335481100164273, 0.18441503139020501]
>DIPPA_31179.mRNA.1	[0.00840348747551191, 0.04794281617490734]
>DIPPA_15645.mRNA.1	[0.06946859310773787, 0.022143148267836615]
>DIPPA_34101.mRNA.1	[0.08335481100164273, 0.18441503139020501]
>DIPPA_24327.mRNA.1	[0.012902888166159365, 0.012196274558568858]
>DIPPA_28052.mRNA.1	[0.264416592537664, 0.022143148267836615, 0.022143148267836615]
>DIPPA_28058.mRNA.1	[0.754044390752626, 0.0665022896291496]
>DIPPA_29936.mRNA.1	[0.01259452959537523, 0.017982673990351437]
>DIPPA_03627.mRNA.1	[0.012196274558568858, 0.2253550156223132]
>DIPPA_24155.mRNA.2	[0.01259452959537523, 0.00840348747551191, 0.00840348747551191]
>DIPPA_24138.mRNA.1	[0.04794281617490734, 0.017982673990351437]
>DIPPA_12478.mRNA.1	[0.00471872464013039, 0.022143148267836615, 0.0713654079382016]
>DIPPA_25773.mRNA.1	[0.022143148267836615, 0.043454546706119646]
>DIPPA_25752.mRNA.1	[17.27818626143194, 5.231074586903594]
>DIPPA_08579.mRNA.1	[0.00840348747551191, 0.08957309859071325]
>DIPPA_08610.mRNA.1	[0.018544171433992306, 0.021401820491656707, 0.29981960106424227]
>DIPPA_33931.mRNA.1	[7.8466118803553915, 0.022143148267836615]
>DIPPA_18424.mRNA.1	[0.006988789808429048, 0.012902888166159365]
>DIPPA_14200.mRNA.1	[0.264416592537664, 0.04514078374597714]
>DIPPA_03504.mRNA.1	[0.017982673990351437, 0.01259452959537523]
>DIPPA_01290.mRNA.1	[0.019038711811512992, 0.01259452959537523, 0.12327147878036131, 0.01259452959537523]
>DIPPA_19228.mRNA.2	[0.022143148267836615, 0.022143148267836615]
>DIPPA_19228.mRNA.1	[1.7116529700888479, 0.022143148267836615, 0.022143148267836615]
>DIPPA_19228.mRNA.3	[0.022143148267836615, 0.022143148267836615]
>DIPPA_34145.mRNA.1	[0.023720314674563956, 0.022143148267836615, 0.00840348747551191]
>DIPPA_34145.mRNA.2	[0.023720314674563956, 0.022143148267836615, 0.00840348747551191]
>DIPPA_34122.mRNA.1	[0.00840348747551191, 0.00840348747551191]
>DIPPA_18763.mRNA.1	[0.03740332539174878, 0.4038202529661117]
>DIPPA_07804.mRNA.1	[4.343419582662785, 0.20322133969531098]
>DIPPA_29458.mRNA.1	[0.012196274558568858, 0.00471872464013039]
>DIPPA_07148.mRNA.1	[0.022143148267836615, 0.00471872464013039]
>DIPPA_11491.mRNA.1	[17.27818626143194, 0.24175278163868594]
>DIPPA_11484.mRNA.1	[0.019038711811512992, 0.00840348747551191]
>DIPPA_11493.mRNA.2	[0.04794281617490734, 0.05487283145143855]
>DIPPA_11493.mRNA.1	[0.04794281617490734, 0.05487283145143855]
>DIPPA_34467.mRNA.1	[0.022143148267836615, 0.08335481100164273]
>DIPPA_05782.mRNA.1	[0.754044390752626, 0.14815667233861718]
>DIPPA_34863.mRNA.1	[0.08335481100164273, 0.18441503139020501]
>DIPPA_13323.mRNA.1	[0.08335481100164273, 0.18441503139020501]
>DIPPA_34025.mRNA.1	[0.07282466732248673, 0.0370177031256743]
>DIPPA_34025.mRNA.3	[0.07282466732248673, 0.0370177031256743]
>DIPPA_34025.mRNA.2	[0.07282466732248673, 0.0370177031256743]
>DIPPA_34025.mRNA.4	[0.07282466732248673, 0.0370177031256743]
>DIPPA_11458.mRNA.1	[0.08335481100164273, 0.18441503139020501]
>DIPPA_11463.mRNA.1	[0.012902888166159365, 0.00840348747551191]
>DIPPA_34090.mRNA.1	[0.049762768051090894, 0.00471872464013039]
>DIPPA_15412.mRNA.1	[0.024468628752502615, 0.00840348747551191]
>DIPPA_15413.mRNA.1	[0.18441503139020501, 0.18441503139020501]
>DIPPA_13552.mRNA.1	[8.13909313071597, 5.092728753810646]
>DIPPA_22727.mRNA.1	[0.04514078374597714, 0.012902888166159365]
>DIPPA_11367.mRNA.1	[0.08335481100164273, 0.18441503139020501]
>DIPPA_10770.mRNA.1	[0.00471872464013039, 0.08335481100164273]
>DIPPA_16935.mRNA.2	[0.022143148267836615, 0.00840348747551191]
>DIPPA_16935.mRNA.1	[0.022143148267836615, 0.00840348747551191]
>DIPPA_12445.mRNA.1	[0.08335481100164273, 0.9091349725226648]
>DIPPA_01121.mRNA.1	[0.04514078374597714, 0.022143148267836615]
>DIPPA_19683.mRNA.1	[0.5820251235481158, 0.5820251235481158]
>DIPPA_19687.mRNA.1	[0.5820251235481158, 0.5820251235481158]
>DIPPA_19689.mRNA.1	[0.5820251235481158, 0.5820251235481158]
>DIPPA_10052.mRNA.1	[0.08335481100164273, 0.9091349725226648]
>DIPPA_32414.mRNA.1	[0.08335481100164273, 0.18441503139020501]
>DIPPA_32398.mRNA.1	[0.017982673990351437, 0.011553576197628389]
>DIPPA_32399.mRNA.1	[0.022143148267836615, 0.012196274558568858, 0.00471872464013039]
>DIPPA_22018.mRNA.1	[0.03722383619881599, 0.6104168877521258]
>DIPPA_07430.mRNA.1	[0.3038426738485365, 0.0065990999361460944]
>DIPPA_07431.mRNA.1	[0.3038426738485365, 0.0065990999361460944]
>DIPPA_33533.mRNA.1	[0.3038426738485365, 0.0065990999361460944]
>DIPPA_13027.mRNA.1	[0.9550925475588158, 0.08043562986538395]
>DIPPA_08852.mRNA.1	[1.027355121630184, 0.00840348747551191]
>DIPPA_04605.mRNA.1	[0.00471872464013039, 0.00840348747551191]
>DIPPA_29876.mRNA.1	[0.08043562986538395, 0.022143148267836615, 0.01259452959537523, 0.011776758794174436]
>DIPPA_29881.mRNA.1	[0.05294618773491963, 0.05294618773491963]
>DIPPA_05470.mRNA.1	[0.14235671533439542, 0.00471872464013039]
>DIPPA_10837.mRNA.1	[0.013379587908750584, 0.017982673990351437, 0.00471872464013039, 0.00471872464013039]
>DIPPA_02539.mRNA.1	[0.00840348747551191, 0.04514078374597714, 0.07282466732248673]
>DIPPA_31869.mRNA.1	[0.00840348747551191, 0.00471872464013039]
>DIPPA_11535.mRNA.1	[0.05073475579785924, 0.17161786315154537]
>DIPPA_11535.mRNA.2	[0.05073475579785924, 0.17161786315154537]
>DIPPA_02946.mRNA.1	[0.0065990999361460944, 0.87938156134544, 0.1308853917421792]
>DIPPA_22079.mRNA.1	[0.011776758794174436, 0.0370177031256743]
>DIPPA_13748.mRNA.1	[0.08335481100164273, 0.18441503139020501]
>DIPPA_27384.mRNA.1	[0.08335481100164273, 0.18441503139020501]
>DIPPA_05865.mRNA.2	[0.036889919345194665, 0.012902888166159365]
>DIPPA_03068.mRNA.1	[0.08335481100164273, 0.18441503139020501]
>DIPPA_30458.mRNA.1	[0.5392376167164316, 0.08335481100164273]
>DIPPA_32330.mRNA.1	[0.05025603767772453, 0.05025603767772453]
>DIPPA_25558.mRNA.1	[0.00840348747551191, 0.00471872464013039]
>DIPPA_26524.mRNA.1	[0.0065990999361460944, 3.9233059401776957]
>DIPPA_05088.mRNA.1	[0.00471872464013039, 0.012902888166159365]
>DIPPA_05072.mRNA.2	[0.00840348747551191, 0.012902888166159365, 0.019038711811512992, 0.00840348747551191]
>DIPPA_05072.mRNA.1	[0.00840348747551191, 0.012902888166159365, 0.019038711811512992, 0.012902888166159365]
>DIPPA_09444.mRNA.1	[0.00471872464013039, 0.012902888166159365]
>DIPPA_23039.mRNA.1	[1.062885358781244, 0.00840348747551191]
>DIPPA_01748.mRNA.1	[0.0370177031256743, 0.07282466732248673, 0.0370177031256743, 0.0370177031256743, 0.08043562986538395, 0.07282466732248673, 1.0146710323216617, 0.08043562986538395, 0.08043562986538395, 0.07282466732248673, 0.07282466732248673, 0.3681485831662719, 1.0146710323216617, 0.24175278163868594, 1.0146710323216617, 0.04514078374597714]
>DIPPA_02306.mRNA.1	[0.00840348747551191, 0.00840348747551191]
>DIPPA_32548.mRNA.1	[1.2687507424131435, 0.012902888166159365]
>DIPPA_32553.mRNA.1	[0.0065990999361460944, 0.08043562986538395]
>DIPPA_04041.mRNA.1	[0.1491531590322765, 0.05073475579785924, 0.07058741298877855]
>DIPPA_04053.mRNA.1	[0.00471872464013039, 0.011553576197628389]
>DIPPA_02878.mRNA.1	[0.5392376167164316, 0.08335481100164273]
>DIPPA_10503.mRNA.1	[0.00471872464013039, 0.00840348747551191]
>DIPPA_09336.mRNA.1	[0.08335481100164273, 0.18441503139020501]
>DIPPA_09331.mRNA.1	[0.05326037107160412, 0.00471872464013039]
>DIPPA_11040.mRNA.1	[0.013379587908750584, 0.00471872464013039]
>DIPPA_35529.mRNA.1	[3.6733059401776957, 0.26102959431977985]
>DIPPA_35536.mRNA.1	[0.012196274558568858, 0.022143148267836615, 0.05337420657166315, 0.017982673990351437, 0.00471872464013039]
>DIPPA_35530.mRNA.1	[0.00471872464013039, 0.00471872464013039]
>DIPPA_08809.mRNA.1	[0.07282466732248673, 0.216430779988195]
>DIPPA_08832.mRNA.1	[0.1513764964290602, 0.1513764964290602, 0.1513764964290602, 0.1513764964290602, 0.1513764964290602, 0.1513764964290602]
>DIPPA_33561.mRNA.1	[0.2282553784696787, 5.231074586903594]
>DIPPA_33555.mRNA.1	[0.00471872464013039, 0.013379587908750584]
>DIPPA_33548.mRNA.1	[0.00471872464013039, 0.03612983984043577]
>DIPPA_33538.mRNA.2	[0.022143148267836615, 8.13909313071597, 0.017982673990351437]
>DIPPA_33538.mRNA.1	[0.022143148267836615, 8.13909313071597, 0.017982673990351437]
>DIPPA_09528.mRNA.1	[0.0065990999361460944, 1.0173384927437819]
>DIPPA_23848.mRNA.1	[0.13984351244170817, 0.03448718650887479]
>DIPPA_28859.mRNA.1	[17.27818626143194, 0.1491531590322765]
>DIPPA_28857.mRNA.1	[0.036481323224613164, 0.20589072638263753, 0.011776758794174436, 0.00840348747551191, 0.0645157741224615]
>DIPPA_31334.mRNA.1	[0.27987200727083156, 0.10043885548916165]
>DIPPA_17935.mRNA.1	[0.022143148267836615, 0.03612983984043577]
>DIPPA_24736.mRNA.1	[0.027366896310351514, 0.027205760229969893]
>DIPPA_15468.mRNA.1	[0.14937691435859782, 0.024253784208592744, 0.012196274558568858]
>DIPPA_15468.mRNA.2	[0.14937691435859782, 0.024253784208592744, 0.012196274558568858]
>DIPPA_34381.mRNA.1	[0.08043562986538395, 0.00471872464013039]
>DIPPA_09558.mRNA.1	[0.00840348747551191, 0.012902888166159365]
>DIPPA_08527.mRNA.1	[0.00471872464013039, 0.01259452959537523]
>DIPPA_24360.mRNA.1	[1.2687507424131435, 0.24327659609090435]
>DIPPA_12329.mRNA.1	[0.011776758794174436, 0.027205760229969893]
>DIPPA_28626.mRNA.1	[0.022143148267836615, 0.00471872464013039]
>DIPPA_07867.mRNA.1	[0.022143148267836615, 0.00471872464013039]
>DIPPA_07859.mRNA.1	[0.018901464809074744, 0.0065990999361460944]
>DIPPA_05966.mRNA.1	[0.022143148267836615, 0.012196274558568858, 0.022143148267836615]
>DIPPA_02530.mRNA.1	[0.01259452959537523, 0.022143148267836615]
>DIPPA_10806.mRNA.1	[0.05487283145143855, 1.0023275959991043]
>DIPPA_04322.mRNA.1	[0.0065990999361460944, 0.00471872464013039]
>DIPPA_04320.mRNA.1	[0.011776758794174436, 0.00471872464013039, 0.4722379331319977]
>DIPPA_19827.mRNA.1	[0.5392376167164316, 0.08335481100164273]
>DIPPA_21970.mRNA.1	[0.5392376167164316, 0.08335481100164273]
>DIPPA_11314.mRNA.1	[0.022143148267836615, 0.00471872464013039, 0.00471872464013039]
>DIPPA_10757.mRNA.1	[0.14764384591333618, 0.027205760229969893]
>DIPPA_35491.mRNA.1	[0.00840348747551191, 0.00840348747551191, 1.5506953518382862]
>DIPPA_35491.mRNA.2	[0.00840348747551191, 0.00840348747551191, 1.5506953518382862]
>DIPPA_01233.mRNA.1	[0.754044390752626, 0.0665022896291496]
>DIPPA_22416.mRNA.1	[0.10595273977677547, 0.00840348747551191, 0.00840348747551191, 0.00840348747551191]
>DIPPA_11211.mRNA.2	[0.022143148267836615, 0.017982673990351437]
>DIPPA_11211.mRNA.1	[0.035833258504656865, 0.035833258504656865, 0.022143148267836615, 0.011776758794174436]
>DIPPA_21566.mRNA.2	[0.4837594824342634, 0.00840348747551191]
>DIPPA_21566.mRNA.1	[0.4837594824342634, 0.023720314674563956]
>DIPPA_21600.mRNA.1	[0.00471872464013039, 0.017982673990351437, 0.019672538657315882]
>DIPPA_05236.mRNA.1	[0.007439491510012498, 0.007439491510012498, 0.007439491510012498, 0.007439491510012498]
>DIPPA_05239.mRNA.1	[0.21035262035667915, 0.027205760229969893]
>DIPPA_34817.mRNA.1	[0.2253550156223132, 0.4747861930575999]
>DIPPA_32822.mRNA.1	[0.00471872464013039, 0.012902888166159365]
>DIPPA_32806.mRNA.1	[0.013379587908750584, 0.011776758794174436]
>DIPPA_05686.mRNA.1	[0.00471872464013039, 0.022143148267836615, 0.00471872464013039, 0.011776758794174436, 1.1225692782811945]
>DIPPA_05686.mRNA.3	[0.00471872464013039, 0.011776758794174436, 1.1225692782811945]
>DIPPA_05686.mRNA.4	[0.00471872464013039, 0.00471872464013039, 0.011776758794174436, 1.1225692782811945]
>DIPPA_05686.mRNA.2	[0.022143148267836615, 0.00471872464013039, 0.011776758794174436, 1.1225692782811945]
>DIPPA_05667.mRNA.1	[0.00471872464013039, 0.011776758794174436]
>DIPPA_05821.mRNA.1	[0.08335481100164273, 0.9091349725226648]
>DIPPA_35664.mRNA.1	[0.08335481100164273, 1.3693322167827848]
>DIPPA_26151.mRNA.1	[0.14820086727165466, 0.12671048966156756, 0.036481323224613164, 0.09630179404582875]
>DIPPA_06299.mRNA.1	[0.022143148267836615, 0.01259452959537523]
>DIPPA_26158.mRNA.1	[2.9386447521421566, 0.5468585453604716, 0.19068061974200418]
>DIPPA_26158.mRNA.2	[2.9386447521421566, 0.5468585453604716, 0.19068061974200418]
>DIPPA_23872.mRNA.1	[0.023720314674563956, 0.011776758794174436]
>DIPPA_25061.mRNA.1	[0.022143148267836615, 0.12671048966156756, 1.424306071421627]
>DIPPA_18354.mRNA.1	[0.08335481100164273, 0.18441503139020501]
>DIPPA_28747.mRNA.1	[0.00471872464013039, 0.07282466732248673]
>DIPPA_17527.mRNA.1	[0.0229614630889107, 0.0665022896291496]
>DIPPA_33463.mRNA.1	[0.019672538657315882, 0.0805988362377934]
>DIPPA_32053.mRNA.1	[0.0065990999361460944, 0.0065990999361460944]
>DIPPA_17674.mRNA.1	[0.147815354845234, 1.9561748229586833]
>DIPPA_17671.mRNA.1	[1.5866529700888479, 0.024468628752502615, 0.00840348747551191]
>DIPPA_02073.mRNA.1	[0.0370177031256743, 0.0370177031256743]
>DIPPA_00572.mRNA.1	[0.38706256561082386, 0.38706256561082386]
>DIPPA_27429.mRNA.1	[0.00840348747551191, 0.00840348747551191]
>DIPPA_02684.mRNA.1	[0.01259452959537523, 0.017982673990351437]
>DIPPA_26687.mRNA.1	[0.007439491510012498, 0.03587202099386671]
>DIPPA_35502.mRNA.1	[3.433635445977341, 0.019672538657315882]
>DIPPA_32945.mRNA.1	[0.9240301418793267, 0.017982673990351437, 0.11973899106683512, 0.6408566896164508]
>DIPPA_25893.mRNA.1	[0.9207806309113382, 0.9207806309113382]
>DIPPA_23635.mRNA.1	[16.27818626143194, 2.1717097913313923, 2.577173767730636, 3.4890645416361443, 0.2526337546991636, 3.7390645416361443, 1.31907234201816, 2.0872164598780785, 2.0872164598780785, 4.426062087143979, 3.3195465653579848, 3.055637252286388]
>DIPPA_03153.mRNA.1	[0.012902888166159365, 0.011776758794174436]
>DIPPA_34095.mRNA.1	[0.8503082870249951, 1.0146710323216617]
>DIPPA_11931.mRNA.1	[0.021401820491656707, 0.053483181124605636]
>DIPPA_18128.mRNA.1	[0.00840348747551191, 0.049902639780872504]
>DIPPA_06829.mRNA.1	[0.00840348747551191, 0.0065990999361460944, 0.01259452959537523]
>DIPPA_70271.mRNA.1	[0.5225907387264208, 3.683122523645353, 0.036103858455021495]
>DIPPA_15036.mRNA.1	[0.024468628752502615, 0.17266648057490858]
>DIPPA_24987.mRNA.1	[0.8503082870249951, 0.06946859310773787]
>DIPPA_70146.mRNA.1	[0.10595273977677547, 0.9860580494457418]
>DIPPA_21452.mRNA.1	[0.9754624305374927, 0.8874987657407178, 1.8547398569878761, 1.0723597409754302]
>DIPPA_31555.mRNA.1	[0.036103858455021495, 0.036103858455021495]
>DIPPA_22644.mRNA.1	[0.007439491510012498, 0.05666543557719225]
>DIPPA_18562.mRNA.1	[0.03740332539174878, 0.00840348747551191]
>DIPPA_17881.mRNA.1	[3.394436635822712, 7.235415669687168, 3.4546886606986607]
>DIPPA_01275.mRNA.1	[0.6593916129292963, 0.00471872464013039]
>DIPPA_34104.mRNA.1	[4.564407920236928, 4.823610446458112, 1.5943280381718659, 2.228549277637237]
>DIPPA_13294.mRNA.1	[0.22689921619409803, 0.023720314674563956]
>DIPPA_07846.mRNA.1	[8.13909313071597, 8.13909313071597, 8.13909313071597]
>DIPPA_15545.mRNA.1	[0.3874291689665544, 0.11339340002005589]
>DIPPA_25461.mRNA.1	[0.09664162691779925, 0.13226575277863534, 0.13226575277863534]
>DIPPA_07726.mRNA.1	[0.01471586571580917, 0.01471586571580917]
>DIPPA_07765.mRNA.1	[0.00840348747551191, 0.00840348747551191]
>DIPPA_21736.mRNA.1	[0.094134693755137, 0.785755544340151]
>DIPPA_06577.mRNA.1	[0.028374826376307557, 0.07425130314063036]
>DIPPA_22667.mRNA.1	[0.14732490094581413, 0.00471872464013039]
>DIPPA_12872.mRNA.1	[0.011776758794174436, 0.07282466732248673]
>DIPPA_33763.mRNA.1	[0.00840348747551191, 0.023720314674563956]
>DIPPA_34702.mRNA.1	[0.14235671533439542, 0.0229614630889107]
>DIPPA_13285.mRNA.1	[0.10065575267744196, 0.10297780040263728, 0.01471586571580917]
>DIPPA_11382.mRNA.1	[0.046789934051033856, 0.13984351244170817]
>DIPPA_16975.mRNA.1	[0.03722383619881599, 1.9937511666492251]
>DIPPA_03467.mRNA.1	[0.0058236542128440915, 0.1567826480182501, 0.17477909716812295]
>DIPPA_70345.mRNA.1	[0.021401820491656707, 0.053483181124605636]
>DIPPA_33231.mRNA.1	[0.00471872464013039, 0.022143148267836615]
>DIPPA_31278.mRNA.1	[1.4656359355757334, 0.06620859092601103, 0.06620859092601103, 0.1513764964290602, 0.06620859092601103, 0.16167929055660318, 0.16167929055660318, 0.06620859092601103, 0.06620859092601103, 0.16167929055660318, 0.16167929055660318, 0.16167929055660318, 0.16167929055660318]
>DIPPA_27778.mRNA.1	[0.06443713384827762, 0.00471872464013039]
>DIPPA_27755.mRNA.1	[0.017276978958434126, 0.017276978958434126, 0.011776758794174436]
>DIPPA_21869.mRNA.1	[0.6846661083913924, 0.09140775324177838, 2.4488706267851303]
>DIPPA_22195.mRNA.2	[0.14235671533439542, 0.00840348747551191, 0.00840348747551191]
>DIPPA_26436.mRNA.1	[0.08293367613064162, 1.3693223760710784]
>DIPPA_00745.mRNA.1	[0.3068293557235402, 0.3068293557235402, 0.17733791684192327, 0.15658597827582244]
>DIPPA_26858.mRNA.1	[0.00991092633944626, 0.00991092633944626, 0.00991092633944626, 0.00991092633944626, 0.5422100582336667]
>DIPPA_26965.mRNA.1	[6.8466118803553915, 6.8466118803553915, 6.8466118803553915, 6.8466118803553915, 6.8466118803553915, 6.8466118803553915, 6.8466118803553915, 6.8466118803553915, 6.8466118803553915, 6.8466118803553915, 6.8466118803553915]
>DIPPA_70262.mRNA.1	[0.01471586571580917, 0.01471586571580917]
>DIPPA_70262.mRNA.2	[0.01471586571580917, 0.01471586571580917]
>DIPPA_70291.mRNA.1	[0.08361350692581809, 0.5462300637797303]
>DIPPA_70294.mRNA.1	[0.21035262035667915, 0.21035262035667915]
>DIPPA_70249.mRNA.1	[0.0676387153319586, 0.0676387153319586, 0.0676387153319586]
>DIPPA_70246.mRNA.1	[0.0676387153319586, 0.0676387153319586, 0.0676387153319586]
>DIPPA_70278.mRNA.1	[0.1513764964290602, 0.1513764964290602, 0.1513764964290602, 0.1746132209705131, 0.1746132209705131, 0.1746132209705131, 0.050460094482392095, 0.026709462081933012]
>DIPPA_70329.mRNA.1	[5.231074586903594, 0.05976185247494031]
>DIPPA_70331.mRNA.1	[0.792391255910212, 2.245138556562389]
>DIPPA_70334.mRNA.1	[0.027205760229969893, 0.00840348747551191]
>DIPPA_70333.mRNA.1	[0.00471872464013039, 0.08335481100164273, 1.3693322167827848]
>DIPPA_70296.mRNA.1	[0.011553576197628389, 4.897741253570261]
>DIPPA_70349.mRNA.1	[0.1513764964290602, 0.1513764964290602, 0.1513764964290602, 0.1513764964290602, 0.1513764964290602, 0.1513764964290602, 0.0304592748363256]
>DIPPA_70242.mRNA.1	[2.4488706267851303, 0.05294618773491963]
>DIPPA_70353.mRNA.1	[0.06946859310773787, 0.8637505444363052]
>DIPPA_11529.mRNA.1	[0.5820251235481158, 0.5820251235481158]
>DIPPA_12852.mRNA.1	[0.03740332539174878, 0.00471872464013039]
>DIPPA_19698.mRNA.1	[7.8466118803553915, 0.00471872464013039]
>DIPPA_31693.mRNA.1	[0.08335481100164273, 0.18441503139020501]
>DIPPA_32296.mRNA.1	[0.08335481100164273, 0.18441503139020501]
>DIPPA_29955.mRNA.1	[0.00471872464013039, 0.9363043757135447]
>DIPPA_13245.mRNA.1	[0.08335481100164273, 0.18441503139020501]
>DIPPA_05393.mRNA.2	[0.00471872464013039, 0.011776758794174436]
>DIPPA_05378.mRNA.1	[0.08335481100164273, 0.18441503139020501]
>DIPPA_20096.mRNA.1	[0.011776758794174436, 0.00471872464013039]
>DIPPA_29186.mRNA.1	[4.823610446458112, 0.017982673990351437, 0.5785192021184273]
>DIPPA_00629.mRNA.1	[0.08335481100164273, 0.18441503139020501]
>DIPPA_13548.mRNA.1	[0.013379587908750584, 0.6810439143112264]
>DIPPA_26317.mRNA.1	[0.08335481100164273, 0.18441503139020501]
>DIPPA_17321.mRNA.1	[0.012902888166159365, 0.013379587908750584, 0.00471872464013039]
>DIPPA_14942.mRNA.1	[0.017982673990351437, 0.059990455876903624, 0.017982673990351437]
>DIPPA_10115.mRNA.2	[0.00840348747551191, 0.00840348747551191]
>DIPPA_13483.mRNA.1	[0.08335481100164273, 0.18441503139020501]
>DIPPA_24448.mRNA.1	[0.042734336152034376, 0.0304592748363256]
>DIPPA_11226.mRNA.1	[0.046789934051033856, 0.2110285780012981, 0.04514078374597714]
>DIPPA_30948.mRNA.1	[0.22055279988562404, 0.11901875448549026]
>DIPPA_03780.mRNA.1	[0.4402037018179692, 0.022143148267836615]
>DIPPA_03772.mRNA.1	[0.006988789808429048, 0.00840348747551191]
>DIPPA_12966.mRNA.1	[0.08335481100164273, 0.18441503139020501]
>DIPPA_13597.mRNA.1	[0.6810439143112264, 0.08335481100164273, 0.18441503139020501]
>DIPPA_13616.mRNA.1	[0.08335481100164273, 0.18441503139020501]
>DIPPA_08697.mRNA.1	[0.03612983984043577, 0.00471872464013039]
>DIPPA_20791.mRNA.1	[0.00840348747551191, 1.3956258166544577]
>DIPPA_20118.mRNA.1	[0.08335481100164273, 0.18441503139020501]
>DIPPA_26835.mRNA.1	[0.00840348747551191, 0.00471872464013039]
>DIPPA_22805.mRNA.1	[0.0065990999361460944, 17.27818626143194]
>DIPPA_06064.mRNA.1	[0.08335481100164273, 0.18441503139020501]
>DIPPA_24784.mRNA.1	[0.00840348747551191, 0.18441503139020501]
>DIPPA_26592.mRNA.1	[0.00840348747551191, 0.022143148267836615]
>DIPPA_11599.mRNA.1	[0.028374826376307557, 0.011776758794174436]
>DIPPA_11599.mRNA.2	[0.028374826376307557, 0.011776758794174436]
>DIPPA_33501.mRNA.1	[0.08293367613064162, 0.00471872464013039]
>DIPPA_13814.mRNA.1	[0.08335481100164273, 0.18441503139020501]
>DIPPA_10718.mRNA.1	[0.5820251235481158, 0.5820251235481158, 0.5820251235481158, 0.5820251235481158, 0.5820251235481158, 0.5820251235481158]
>DIPPA_01833.mRNA.1	[0.013379587908750584, 0.6810439143112264]
>DIPPA_28509.mRNA.1	[0.015077105999465226, 0.050460094482392095, 0.5462300637797303, 0.01259452959537523, 0.050460094482392095]
>DIPPA_28509.mRNA.2	[0.015077105999465226, 0.050460094482392095, 0.5462300637797303, 0.01259452959537523, 0.050460094482392095]
>DIPPA_22358.mRNA.1	[0.00840348747551191, 0.0370177031256743]
>DIPPA_31519.mRNA.1	[0.00471872464013039, 0.3038426738485365]
>DIPPA_20639.mRNA.1	[0.08335481100164273, 0.18441503139020501]
>DIPPA_24240.mRNA.1	[0.5392376167164316, 0.08335481100164273]
>DIPPA_25409.mRNA.1	[0.21061270468201557, 1.4732916456377831]
>DIPPA_25415.mRNA.1	[0.5820251235481158, 0.5820251235481158, 0.5820251235481158, 0.5820251235481158, 0.5820251235481158, 0.5820251235481158, 0.5820251235481158, 0.5820251235481158]
>DIPPA_27121.mRNA.1	[0.08335481100164273, 0.31151033960223007]
>DIPPA_29597.mRNA.1	[0.49336734451604575, 0.00471872464013039, 0.11317730734042293]
>DIPPA_30416.mRNA.1	[0.34753496264122674, 0.011776758794174436, 0.1491531590322765]
>DIPPA_34602.mRNA.1	[0.5392376167164316, 0.08335481100164273, 5.231074586903594]
>DIPPA_20694.mRNA.1	[0.00471872464013039, 0.3038426738485365]
>DIPPA_00074.mRNA.1	[0.0065990999361460944, 0.012196274558568858]
>DIPPA_22428.mRNA.1	[0.08335481100164273, 0.03612983984043577]
>DIPPA_13178.mRNA.1	[0.00471872464013039, 0.03936758889736465]
>DIPPA_08167.mRNA.1	[0.0065990999361460944, 0.012196274558568858]
>DIPPA_31837.mRNA.1	[0.013379587908750584, 0.6810439143112264]
>DIPPA_19235.mRNA.1	[0.00471872464013039, 0.059990455876903624, 0.022143148267836615]
>DIPPA_01736.mRNA.1	[0.0651523874894743, 0.08335481100164273]
>DIPPA_01169.mRNA.1	[0.01259452959537523, 0.022143148267836615]
>DIPPA_29067.mRNA.1	[0.5392376167164316, 0.08335481100164273]
>DIPPA_08658.mRNA.1	[0.024253784208592744, 0.00471872464013039, 0.013379587908750584]
>DIPPA_35308.mRNA.1	[0.013379587908750584, 0.6810439143112264]
>DIPPA_24012.mRNA.1	[0.497621575968139, 0.00471872464013039]
>DIPPA_01579.mRNA.1	[7.8466118803553915, 17.27818626143194]
>DIPPA_00356.mRNA.1	[0.013379587908750584, 0.6810439143112264]
>DIPPA_18564.mRNA.1	[0.08335481100164273, 0.31151033960223007]
>DIPPA_04812.mRNA.1	[0.00471872464013039, 0.3038426738485365]
>DIPPA_34889.mRNA.1	[0.00471872464013039, 0.3038426738485365]
>DIPPA_10195.mRNA.1	[0.08335481100164273, 0.18441503139020501]
>DIPPA_16995.mRNA.1	[0.0645157741224615, 0.00471872464013039, 0.5392376167164316, 0.08335481100164273, 0.18441503139020501]
>DIPPA_11577.mRNA.1	[0.5392376167164316, 0.08335481100164273]
>DIPPA_10649.mRNA.1	[0.08335481100164273, 0.18441503139020501]
>DIPPA_29260.mRNA.1	[0.08335481100164273, 0.022143148267836615]
>DIPPA_24081.mRNA.1	[0.013379587908750584, 0.6810439143112264]
>DIPPA_21466.mRNA.1	[0.03740332539174878, 0.00471872464013039]
>DIPPA_16769.mRNA.1	[0.013379587908750584, 0.6810439143112264]
>DIPPA_06139.mRNA.1	[0.08335481100164273, 0.18441503139020501]
>DIPPA_32213.mRNA.1	[0.08335481100164273, 0.18441503139020501]
>DIPPA_21361.mRNA.1	[0.08456822195690503, 0.20675083028769856]
>DIPPA_29218.mRNA.1	[0.08335481100164273, 0.18441503139020501]
>DIPPA_14174.mRNA.1	[0.00471872464013039, 0.08335481100164273, 0.18441503139020501]
>DIPPA_09737.mRNA.1	[0.00471872464013039, 0.011776758794174436]
>DIPPA_04502.mRNA.1	[0.006988789808429048, 0.24327659609090435]
>DIPPA_02257.mRNA.1	[0.013379587908750584, 0.1388192869324834]
>DIPPA_13881.mRNA.1	[0.0065990999361460944, 0.00840348747551191]
>DIPPA_13881.mRNA.2	[0.0065990999361460944, 0.00840348747551191]
>DIPPA_26261.mRNA.1	[0.03612983984043577, 0.05337420657166315]
>DIPPA_20855.mRNA.1	[0.00471872464013039, 0.00471872464013039]
>DIPPA_19882.mRNA.1	[0.08335481100164273, 0.04794281617490734]
>DIPPA_26916.mRNA.1	[0.24175278163868594, 0.00840348747551191]
>DIPPA_24724.mRNA.1	[0.0065990999361460944, 0.012196274558568858]
>DIPPA_06231.mRNA.1	[0.01259452959537523, 2.9386447521421566]
>DIPPA_06258.mRNA.1	[0.01259452959537523, 0.012902888166159365]
>DIPPA_20046.mRNA.1	[0.166696042547434, 0.9091349725226648]
>DIPPA_05938.mRNA.1	[0.5392376167164316, 0.08335481100164273]
>DIPPA_35952.mRNA.1	[0.26644539567623415, 0.00471872464013039]
>DIPPA_22892.mRNA.1	[0.01259452959537523, 0.017982673990351437]
>DIPPA_22320.mRNA.1	[0.0065990999361460944, 0.6169646745973608]
>DIPPA_16624.mRNA.1	[0.08335481100164273, 0.18441503139020501, 0.388072862838334]
>DIPPA_35399.mRNA.1	[0.18441503139020501, 0.00471872464013039]
>DIPPA_04566.mRNA.1	[0.08335481100164273, 0.18441503139020501]
>DIPPA_14001.mRNA.1	[0.011776758794174436, 0.03612983984043577]
>DIPPA_24547.mRNA.1	[0.08335481100164273, 0.022143148267836615]
>DIPPA_33751.mRNA.1	[0.013379587908750584, 0.6810439143112264]
>DIPPA_09938.mRNA.1	[0.08335481100164273, 0.18441503139020501]
>DIPPA_07816.mRNA.1	[0.00471872464013039, 0.3038426738485365]
>DIPPA_32715.mRNA.1	[0.017982673990351437, 0.10595273977677547, 0.07282466732248673]
>DIPPA_00799.mRNA.1	[0.00471872464013039, 0.059990455876903624, 0.022143148267836615]
>DIPPA_28882.mRNA.1	[0.08335481100164273, 0.18441503139020501]
>DIPPA_13320.mRNA.1	[0.08335481100164273, 0.18441503139020501]
>DIPPA_07038.mRNA.1	[0.00471872464013039, 0.08335481100164273]
>DIPPA_17877.mRNA.1	[0.013379587908750584, 0.5392376167164316, 0.18441503139020501]
>DIPPA_27498.mRNA.1	[0.013379587908750584, 0.6810439143112264]
>DIPPA_32569.mRNA.1	[0.5392376167164316, 0.08335481100164273]
>DIPPA_26852.mRNA.1	[17.27818626143194, 0.24175278163868594, 0.0065990999361460944]
>DIPPA_11488.mRNA.1	[0.0065990999361460944, 0.012196274558568858]
>DIPPA_20939.mRNA.1	[0.00471872464013039, 0.3038426738485365]
>DIPPA_24208.mRNA.1	[0.00840348747551191, 0.00840348747551191, 0.00471872464013039]
>DIPPA_18216.mRNA.1	[17.27818626143194, 0.2552187328663916]
>DIPPA_08300.mRNA.1	[0.0065990999361460944, 0.012196274558568858]
>DIPPA_30403.mRNA.1	[0.013379587908750584, 0.6810439143112264]
>DIPPA_13864.mRNA.1	[0.012902888166159365, 0.0058236542128440915]
>DIPPA_19685.mRNA.1	[0.5820251235481158, 0.5820251235481158, 0.5820251235481158, 0.5820251235481158, 0.5820251235481158, 0.5820251235481158, 0.5820251235481158, 0.5820251235481158, 0.5820251235481158, 0.5820251235481158]
>DIPPA_19688.mRNA.1	[0.5820251235481158, 0.5820251235481158, 0.5820251235481158, 0.5820251235481158, 0.5820251235481158, 0.5820251235481158, 0.5820251235481158, 0.5820251235481158]
>DIPPA_32603.mRNA.1	[0.5820251235481158, 0.5820251235481158, 0.5820251235481158, 0.5820251235481158, 0.5820251235481158, 0.5820251235481158, 0.5820251235481158, 0.5820251235481158]
>DIPPA_06591.mRNA.1	[0.08335481100164273, 0.18441503139020501]
>DIPPA_31563.mRNA.1	[0.00471872464013039, 0.059990455876903624, 0.022143148267836615]
>DIPPA_06499.mRNA.1	[0.08335481100164273, 2.067261619910619]
>DIPPA_26103.mRNA.1	[0.08335481100164273, 0.18441503139020501]
>DIPPA_31870.mRNA.1	[0.00840348747551191, 0.012902888166159365, 0.49336734451604575]
>DIPPA_31870.mRNA.2	[0.00840348747551191, 0.012902888166159365]
>DIPPA_04622.mRNA.1	[0.08335481100164273, 0.18441503139020501]
>DIPPA_13049.mRNA.1	[0.00471872464013039, 0.3038426738485365]
>DIPPA_03335.mRNA.1	[0.0065990999361460944, 0.012196274558568858]
>DIPPA_03703.mRNA.1	[0.013379587908750584, 0.00471872464013039]
>DIPPA_03319.mRNA.1	[0.3376787040798469, 0.18441503139020501]
>DIPPA_04683.mRNA.1	[0.00471872464013039, 0.01259452959537523]
>DIPPA_28560.mRNA.1	[0.08335481100164273, 0.18441503139020501]
>DIPPA_31141.mRNA.1	[0.5392376167164316, 0.18441503139020501]
>DIPPA_16199.mRNA.1	[0.08335481100164273, 0.18441503139020501]
>DIPPA_23033.mRNA.1	[0.1513764964290602, 0.1513764964290602]
>DIPPA_04074.mRNA.1	[0.00840348747551191, 0.011776758794174436, 0.00471872464013039]
>DIPPA_04862.mRNA.1	[0.00840348747551191, 0.012902888166159365]
>DIPPA_21723.mRNA.1	[0.049902639780872504, 0.013379587908750584]
>DIPPA_33559.mRNA.1	[0.022143148267836615, 0.01259452959537523]
>DIPPA_35673.mRNA.1	[0.19140132881653146, 0.05487283145143855]
>DIPPA_32221.mRNA.1	[0.08335481100164273, 0.013379587908750584]
>DIPPA_32226.mRNA.1	[0.4022910965267663, 0.03722383619881599]
>DIPPA_27394.mRNA.1	[0.0065990999361460944, 0.012196274558568858]
>DIPPA_22007.mRNA.1	[0.0651523874894743, 0.08335481100164273]
>DIPPA_04132.mRNA.1	[0.3038426738485365, 17.27818626143194]
>DIPPA_13743.mRNA.1	[0.00471872464013039, 0.3038426738485365]
>DIPPA_00481.mRNA.1	[0.08335481100164273, 0.04794281617490734]
>DIPPA_11201.mRNA.1	[0.32829874007762894, 0.011776758794174436, 0.012902888166159365, 0.00471872464013039]
>DIPPA_05215.mRNA.1	[0.21035262035667915, 0.027205760229969893]
>DIPPA_32817.mRNA.1	[0.2253550156223132, 0.2253550156223132]
>DIPPA_31399.mRNA.1	[0.00840348747551191, 0.04794281617490734]
>DIPPA_31375.mRNA.1	[0.00471872464013039, 0.013379587908750584, 0.6810439143112264]
>DIPPA_24909.mRNA.1	[0.013379587908750584, 0.6810439143112264]
>DIPPA_05815.mRNA.1	[0.01259452959537523, 0.08335481100164273]
>DIPPA_33272.mRNA.1	[0.26102959431977985, 0.051682329117889225]
>DIPPA_32006.mRNA.1	[0.012196274558568858, 0.00840348747551191]
>DIPPA_17640.mRNA.1	[0.013379587908750584, 1.896883751633134]
>DIPPA_21658.mRNA.1	[0.0651523874894743, 0.08335481100164273]
>DIPPA_14538.mRNA.1	[0.595999471107635, 0.13226575277863534]
>DIPPA_13188.mRNA.1	[0.6846661083913924, 0.07533906788226415, 0.07533906788226415, 0.09258602694504475]
>DIPPA_23563.mRNA.1	[0.0065990999361460944, 0.24175278163868594]
>DIPPA_14964.mRNA.1	[0.12671048966156756, 0.019672538657315882, 0.00471872464013039, 0.011776758794174436, 3.8195465653579848]
>DIPPA_30078.mRNA.1	[0.0065990999361460944, 0.038608923642386175]
>DIPPA_02599.mRNA.1	[0.36036790172301375, 0.10679928148763533, 0.19731034599817962, 0.24530841764506353]
>DIPPA_33025.mRNA.1	[0.4038202529661117, 1.2890502470962315, 0.5029508870484889, 0.00471872464013039, 0.518964934028739, 0.05526789747456567]
>DIPPA_21844.mRNA.1	[1.1595113004886297, 0.028374826376307557]
